1
113
114
115
116
117
132
142
143
144
145
15
152
154
155
156
158
159
169
170
171
173
174
178
179
18
180
187
188
197
198
199
2
200
202
209
210
214
225
226
227
228
229
235
243
246
252
253
255
256
257
261
262
272
273
275
276
281
282
285
286
287
288
289
29
291
292
293
3
309
31
313
315
316
317
318
32
337
338
339
341
343
344
345
346
347
348
349
35
36
360
361
366
368
37
371
372
373
374
391
392
394
397
399
4
400
402
403
404
405
415
418
419
420
421
423
424
425
427
428
429
43
430
431
432
433
441
442
444
445
446
447
448
452
453
454
455
456
457
458
459
460
461
463
469
470
48
481
483
484
485
486
487
488
489
49
491
492
496
499
5
50
508
509
51
510
512
513
516
518
519
533
534
536
538
539
540
541
542
543
544
545
546
560
561
567
568
569
572
575
577
578
58
596
597
598
60
61
62
623
63
7
87
89
90
96
975
976
978
979
980
989
990
991
993
994
996
997
998
999
